1996,2
1996,1
1996,0
1995,3
2120,2
1995,2
2120,1
1995,1
2120,3
1995,0
1994,4
1994,3
1994,2
1994,1
1994,0
1993,3
1993,2
1993,1
1993,0
1992,3
1992,2
1992,1
1992,0
1990,5
1990,4
1990,3
1990,2
1990,1
1990,0
1989,3
1989,2
1989,1
1989,0
1987,5
1987,4
1987,3
1987,2
1987,1
1987,0
1986,3
1986,2
1986,1
1986,0
2119,2
1683,3
2119,1
1683,1
2119,3
1682,3
1682,1
1681,3
1681,1
0,613
0,608
0,606
0,550
0,498
0,492
0,473
0,462
0,436
0,433
0,427
0,426
0,421
0,398
2130,2
0,385
2130,1
0,323
2130,3
0,243
0,413
0,480
0,0
0,453
2225,34
2225,33
2225,32
2225,31
2225,30
2225,29
2225,28
2225,27
2225,26
2225,25
2225,24
2225,23
2225,22
2225,21
2225,20
2225,19
2225,18
2225,17
2225,16
2225,15
2225,14
2225,13
2225,12
2225,11
2225,10
2225,9
2225,8
2225,7
2225,6
2225,5
2225,4
2225,3
2225,2
2225,0
0,457
0,455
0,419
0,401
0,548
0,534
0,308
0,555
0,551
0,307
0,304
0,303
0,412
0,12
0,452
0,10
0,400
0,8
0,624
0,438
0,300
0,539
0,610
0,299
0,418
0,505
0,298
0,634
0,504
0,297
