10,86
10,28
10,274
10,194
10,220
11,8
11,23
11,4
8,10
8,9
8,8
71,5
71,4
71,3
71,2
71,1
71,0
70,4
70,3
70,2
70,1
70,0
69,5
69,4
69,3
69,2
69,1
69,0
68,4
68,3
68,2
68,1
68,0
67,3
67,2
67,1
67,0
20,3
20,2
20,1
19,3
19,2
19,1
17,3
17,2
18,1
17,1
16,3
18,3
16,2
16,1
15,3
15,2
15,1
14,1
12,3
14,3
13,1
12,2
12,1
11,30
11,29
11,27
11,24
13,3
11,22
11,19
11,16
11,13
11,11
11,9
11,7
11,6
11,5
11,3
11,2
11,1
10,265
10,241
10,227
10,216
10,211
10,206
10,193
10,184
10,122
10,102
10,97
10,72
10,23
10,22
10,12
10,9
10,3
10,2
10,1
9,7
9,6
9,5
9,4
9,3
9,2
9,1
8,18
8,16
8,15
8,12
8,11
8,7
8,6
8,5
8,4
8,3
