10,272
10,208
10,22
10,242
10,102
10,106
10,146
11,11
11,6
11,30
9,6
9,4
8,16
8,8
8,17
21,3
21,2
21,1
21,0
17,3
17,2
17,1
16,3
16,2
16,1
15,3
15,2
15,1
12,3
12,2
12,1
11,29
11,26
11,22
20,2
20,1
11,20
11,17
11,13
11,7
11,3
20,3
11,2
11,1
10,307
10,277
10,275
10,225
10,167
19,2
19,1
10,159
19,3
10,153
10,31
10,3
10,2
10,1
9,7
9,5
9,3
9,2
9,1
8,14
8,13
8,12
8,11
8,7
8,5
8,3
8,2
8,1
7,16
7,15
7,14
7,13
7,12
7,11
7,10
7,9
7,8
7,7
18,1
18,3
7,6
7,5
7,4
7,1
6,8
6,7
14,1
6,6
6,5
14,3
6,4
13,1
6,1
4,92
4,91
4,90
4,89
4,88
4,87
4,86
4,85
4,84
4,83
4,82
4,81
4,80
4,79
4,78
4,77
4,76
4,75
4,74
4,73
4,72
