71,52
71,51
71,50
71,49
71,48
71,47
71,46
71,45
71,44
71,43
71,42
71,41
71,40
71,39
71,38
71,37
71,36
71,35
62,2
62,0
62,1
62,3
63,2
63,0
63,1
63,3
64,2
64,0
64,1
64,3
0,439
0,438
65,2
65,0
65,1
65,3
67,2
67,0
67,1
67,3
68,2
68,0
68,1
68,3
70,2
70,0
70,1
70,3
61,2
61,0
61,1
61,3
0,437
0,436
0,386
59,2
59,0
59,1
59,3
60,2
60,0
60,1
60,3
0,278
3,2
3,1
3,3
10,186
10,110
10,228
10,155
10,285
10,197
10,293
10,2
10,3
11,2
9,5
9,1
9,7
9,2
9,3
8,12
8,17
8,9
8,10
8,15
13,3
57,3
57,2
57,1
57,0
56,3
56,2
56,1
56,0
55,3
55,2
55,1
55,0
53,3
53,2
