2608,3
2608,2
2608,1
2608,0
0,583
2607,3
2607,2
2607,1
2607,0
2606,3
2606,2
2606,1
2606,0
2605,3
2605,2
2605,1
2605,0
2604,3
2604,2
2604,1
2604,0
2603,3
2603,2
2603,1
2603,0
2602,3
2602,2
2602,1
2602,0
0,582
2601,3
2601,2
0,580
2601,1
2601,0
2600,3
2600,2
2600,1
2600,0
2599,52
2599,51
2599,50
2599,49
2599,48
2599,47
2599,46
2599,45
2599,44
2599,43
2599,42
2599,41
2599,40
2599,39
2599,38
2599,37
2599,36
2599,35
2136,26
2136,24
2136,21
2136,20
2136,19
2136,17
2136,10
2136,9
2136,8
2136,6
2136,5
2136,4
2136,3
2136,2
2136,1
2135,288
2135,270
2135,260
2135,216
2135,166
2135,146
2135,140
2135,104
2135,3
2135,2
2135,1
2134,17
2134,16
2134,15
2134,14
2134,13
2134,12
2134,11
2134,10
2134,9
2134,8
2134,7
2134,6
2134,5
2134,4
2134,3
2134,2
2134,1
2133,3
2133,2
2133,1
2132,7
2132,6
2132,5
2132,4
2132,3
2132,2
2132,1
2131,3
2131,2
2131,1
2121,3
2121,2
2121,1
2120,3
2120,2
2120,1
2119,3
2119,2
2119,1
2130,2
0,610
0,492
2130,1
0,473
0,469
0,465
0,462
0,438
0,426
0,401
0,400
0,323
0,243
2130,3
0,480
0,0
0,453
2599,34
2599,33
2599,32
2599,31
2599,30
2599,29
2599,28
2599,27
2599,26
2599,25
2599,24
2599,23
2599,22
2599,21
