2136,26
2136,24
2136,21
2136,20
2136,17
2136,10
2136,9
2136,8
2136,6
2136,5
2136,4
2136,3
2136,2
2136,1
2135,288
2135,270
2135,260
2135,216
2135,166
2135,146
2135,140
2135,104
2135,3
2135,2
2135,1
2134,17
2134,16
2134,15
2134,14
2134,13
2134,11
2134,10
2134,9
2134,8
2134,7
2134,6
2134,4
2134,3
2134,2
2134,1
2133,3
2133,2
2133,1
2132,7
2132,6
2132,5
2132,4
2132,3
2132,2
2132,1
2131,3
2131,2
2131,1
2121,3
2121,2
2121,1
2120,3
2120,2
2120,1
2119,3
2119,2
2119,1
2130,2
2130,1
0,610
0,555
0,551
0,550
2130,3
0,534
0,492
0,462
0,426
0,323
0,243
0,469
0,480
0,0
0,453
2563,34
2563,33
2563,32
2563,31
2563,30
2563,29
2563,28
2563,27
2563,26
2563,25
2563,24
2563,23
2563,22
2563,21
2563,20
2563,19
2563,18
2563,17
2563,16
2563,15
2563,14
2563,13
2563,12
2563,11
2563,10
2563,9
2563,8
2563,7
2563,6
2563,5
2563,4
2563,3
2563,2
2563,0
0,473
0,455
0,401
0,308
0,307
0,304
0,303
0,465
0,12
0,452
0,10
0,400
0,8
0,438
0,300
0,539
0,405
