2136,26
2136,24
2136,21
2136,20
2136,19
2136,17
2136,10
2136,9
2136,8
2136,6
2136,5
2136,4
2136,3
2136,2
2136,1
2135,288
2135,270
2135,260
2135,216
2135,166
2135,146
2135,140
2135,104
2135,3
2135,2
2135,1
2134,17
2134,16
2134,15
2134,14
2134,13
2134,12
2134,11
2134,10
2134,9
2134,8
2134,7
2134,6
2134,5
2134,4
2134,3
2134,2
2134,1
2133,3
2133,2
2133,1
2132,7
2132,6
2132,5
2132,4
2132,3
2132,2
2132,1
2131,3
2131,2
2131,1
2130,3
2130,2
2130,1
2121,3
2121,2
2121,1
2120,3
2120,2
2120,1
2119,3
2119,2
2119,1
0,610
0,492
0,480
0,473
0,469
0,465
0,462
0,438
0,426
0,401
0,400
0,323
0,243
0,0
0,453
2588,34
2588,33
2588,32
2588,31
2588,30
2588,29
2588,28
2588,27
2588,26
2588,25
2588,24
2588,23
2588,22
2588,21
2588,20
2588,19
2588,18
2588,17
2588,16
2588,15
2588,14
2588,13
2588,12
2588,11
2588,10
2588,9
2588,8
2588,7
2588,6
2588,5
2588,4
2588,3
2588,2
2588,0
0,455
0,308
0,307
0,304
0,303
0,12
0,452
0,10
0,8
0,534
0,300
0,539
0,405
0,299
