61,2
61,0
62,2
62,0
62,1
62,3
63,2
63,0
63,1
63,3
64,2
64,0
64,1
64,3
0,459
0,458
66,2
66,0
66,1
66,3
0,457
67,2
67,0
67,1
67,3
0,456
69,2
69,0
69,1
69,3
0,455
0,454
60,2
60,0
60,1
60,3
0,453
0,452
0,451
58,2
58,0
58,1
58,3
0,450
0,386
59,2
59,0
59,1
59,3
0,278
61,1
61,3
70,52
70,51
70,50
70,49
70,48
70,47
70,46
70,45
70,44
70,43
70,42
70,41
70,40
70,39
70,38
70,37
70,36
70,35
3,1
3,3
10,250
10,132
10,122
10,22
10,197
10,171
10,147
11,14
11,7
11,24
9,6
9,4
8,4
8,17
8,13
8,5
56,3
56,2
56,1
56,0
55,3
55,2
55,1
55,0
54,3
54,2
54,1
54,0
20,3
20,2
20,1
19,3
19,2
19,1
